0 100 300 300 500 900 33
1 100 300 300 500 900 33
2 100 300 300 500 900 33
3 100 300 300 500 900 33
2 100 300 300 500 900 29
3 100 300 300 500 900 29
17 97 306 290 491 908 31
14 99 300 309 500 894 32
24 98 296 296 518 897 27
23 90 307 316 519 894 31
27 95 310 309 477 893 33
22 80 310 291 508 905 35
35 91 303 293 514 908 25
24 98 296 296 518 897 26
23 90 307 316 519 894 30
27 95 310 309 477 893 33
23 90 307 316 519 894 28
42 96 310 312 538 893 30
36 88 304 295 509 911 31
41 96 296 291 510 902 33
45 100 310 306 543 888 27
47 95 297 299 498 907 27
36 88 304 295 509 911 29
42 96 310 312 538 893 30
59 96 311 327 524 890 26
58 85 305 295 530 910 28
36 88 304 295 509 911 32
42 96 310 312 538 893 39
58 85 305 295 530 910 29
42 96 310 312 538 893 29
65 83 304 315 554 908 29
67 94 309 324 540 890 29
75 92 308 278 514 888 25
71 93 309 289 491 891 26
72 82 304 325 532 912 26
73 94 310 355 501 891 27
82 78 302 327 522 914 26
72 82 304 325 532 912 27
76 96 307 250 520 883 27
78 79 302 355 502 907 28
87 80 301 371 484 914 26
85 84 303 337 514 912 27
76 96 307 250 520 883 28
89 81 304 339 531 914 29
92 76 300 347 473 903 26
96 84 300 339 478 922 26
89 81 304 339 531 914 29
99 85 304 362 524 904 32
