11 100 303 315 505 901 28
5 100 297 292 494 902 31
10 102 302 297 490 892 33
8 98 295 314 507 898 36
11 100 303 315 505 901 27
12 99 306 304 511 899 27
18 102 298 286 493 901 27
5 100 297 292 494 902 28
22 102 294 294 491 903 27
25 99 303 280 507 887 27
11 100 303 315 505 901 28
18 102 298 286 493 901 33
25 99 303 280 507 887 26
11 100 303 315 505 901 30
30 101 309 316 502 905 30
28 103 289 253 493 907 31
43 105 292 228 491 893 29
37 99 304 298 503 889 30
38 98 312 307 500 900 30
42 99 309 344 500 902 34
50 99 308 293 500 902 26
46 99 307 314 500 894 27
38 98 312 307 500 900 30
42 99 309 344 500 902 33
54 93 311 304 500 905 26
50 99 308 293 500 902 27
53 95 309 320 500 896 29
55 98 307 354 500 893 38
64 100 309 342 500 894 27
50 99 308 293 500 902 28
53 95 309 320 500 896 29
55 98 307 354 500 893 30
70 96 310 366 501 880 27
55 98 307 354 500 893 28
73 101 306 365 498 898 32
72 107 313 350 500 923 33
78 101 307 328 500 865 28
76 91 308 400 499 889 30
55 98 307 354 500 893 32
79 108 310 231 498 949 36
85 89 308 363 495 824 25
89 91 307 377 497 869 26
76 91 308 400 499 889 32
55 98 307 354 500 893 34
96 88 306 397 494 839 28
76 91 308 400 499 889 29
98 80 307 400 504 843 29
92 81 306 400 502 778 33
106 66 308 400 514 852 27
92 81 306 400 502 778 28
76 91 308 400 499 889 30
98 80 307 400 504 843 30
112 62 310 400 526 859 25
110 95 305 362 483 892 28
115 81 306 386 512 844 29
106 66 308 400 514 852 31
123 66 307 400 509 841 26
116 65 308 400 530 870 28
110 95 305 362 483 892 30
117 129 304 400 485 889 30
110 95 305 362 483 892 27
117 129 304 400 485 889 28
126 114 307 372 489 884 29
130 117 303 400 479 893 30
135 99 303 400 483 890 26
136 113 304 400 478 890 26
138 89 306 400 488 886 29
139 104 301 400 475 892 29
141 142 301 344 485 888 27
143 75 298 400 472 893 27
140 156 303 385 488 888 30
135 99 303 400 483 890 31
150 189 302 264 484 890 24
154 157 303 324 480 886 28
151 139 301 400 477 888 29
135 99 303 400 483 890 30
150 189 302 264 484 890 27
151 139 301 400 477 888 27
157 132 305 291 480 885 27
154 157 303 324 480 886 31
169 124 299 346 465 894 25
150 189 302 264 484 890 27
165 124 300 400 484 887 28
151 139 301 400 477 888 31
173 187 304 207 485 894 24
175 134 303 277 479 899 24
150 189 302 264 484 890 25
176 116 301 400 459 896 26
176 116 301 400 459 896 26
183 111 302 400 468 900 26
187 115 302 319 458 895 28
185 133 303 287 474 899 32
183 111 302 400 468 900 25
189 106 300 400 471 900 26
194 138 302 299 456 896 29
190 125 302 309 455 894 31
197 79 297 400 459 898 25
183 111 302 400 468 900 26
194 138 302 299 456 896 28
189 106 300 400 471 900 32
207 91 297 400 463 903 24
209 101 301 334 484 901 24
183 111 302 400 468 900 26
210 198 300 332 472 892 32
217 126 302 332 485 902 26
218 118 301 395 474 901 27
209 101 301 334 484 901 30
210 198 300 332 472 892 33
220 175 304 349 480 905 25
210 198 300 332 472 892 26
224 182 303 309 487 906 26
226 135 301 330 501 899 26
230 200 299 299 479 908 26
233 200 304 326 470 891 26
234 200 300 298 479 905 28
228 200 308 362 488 907 32
228 200 308 362 488 907 28
234 200 300 298 479 905 29
238 183 301 320 477 905 33
240 200 297 298 474 907 36
234 200 300 298 479 905 26
238 183 301 320 477 905 26
250 182 302 351 470 906 26
240 200 297 298 474 907 32
258 175 300 375 453 904 27
240 200 297 298 474 907 29
238 183 301 320 477 905 30
259 186 298 357 482 905 30
263 189 297 372 480 899 24
266 200 299 345 476 907 24
238 183 301 320 477 905 28
262 175 299 400 488 907 28
263 189 297 372 480 899 26
266 200 299 345 476 907 26
262 175 299 400 488 907 26
275 164 301 309 482 908 27
266 200 299 345 476 907 26
276 200 292 400 502 897 26
279 148 301 367 503 908 28
280 200 300 284 503 899 29
266 200 299 345 476 907 24
284 200 294 400 472 908 24
279 148 301 367 503 908 25
291 200 292 200 519 898 26
291 200 292 200 519 898 24
297 160 295 206 459 907 24
298 99 298 200 526 908 25
292 200 300 400 487 906 28
292 200 300 400 487 906 27
305 200 294 200 427 905 28
307 198 302 400 476 905 30
304 137 293 332 500 898 37
311 143 293 270 463 897 24
313 159 294 292 411 904 25
307 198 302 400 476 905 26
304 137 293 332 500 898 30
322 200 302 400 471 904 25
318 68 301 276 505 904 26
313 159 294 292 411 904 28
316 200 293 340 447 896 29
331 36 292 400 445 894 25
316 200 293 340 447 896 26
322 200 302 400 471 904 28
325 55 301 200 505 904 30
325 55 301 200 505 904 30
334 200 300 357 475 904 31
337 200 290 328 409 896 31
322 200 302 400 471 904 35
337 200 290 328 409 896 24
343 200 306 342 517 904 24
341 185 303 315 532 903 27
334 200 300 357 475 904 29
337 200 290 328 409 896 28
350 200 303 234 537 903 28
355 153 302 400 505 903 29
334 200 300 357 475 904 32
361 200 302 225 546 903 23
355 153 302 400 505 903 26
356 200 289 273 400 895 32
359 200 300 272 519 904 38
359 200 300 272 519 904 26
366 48 288 284 400 893 26
367 58 297 277 429 903 26
370 200 290 275 400 895 28
379 10 286 319 536 895 26
372 200 302 270 600 903 28
378 200 299 241 400 903 29
359 200 300 272 519 904 30
378 200 299 241 400 903 28
387 200 301 243 473 904 28
379 10 286 319 536 895 29
385 200 299 278 597 903 30
390 187 284 316 539 893 24
395 200 294 275 600 901 24
387 200 301 243 473 904 26
392 97 299 260 446 901 26
397 200 295 250 589 901 26
398 200 299 231 450 903 26
400 64 285 300 574 892 26
396 156 286 340 513 892 29
406 141 286 280 559 892 25
397 200 295 250 589 901 26
408 87 292 255 563 901 28
405 200 298 246 437 902 30
408 87 292 255 563 901 25
414 122 293 251 562 900 25
418 157 289 245 560 901 27
416 200 285 273 542 891 28
416 200 285 273 542 891 26
421 108 292 248 550 900 26
427 147 284 264 537 890 26
408 87 292 255 563 901 27
421 108 292 248 550 900 27
428 177 285 287 546 892 27
434 185 284 239 530 889 27
435 112 294 234 556 903 29
436 87 295 284 540 895 25
443 137 293 257 554 907 25
441 120 286 285 551 887 27
434 185 284 239 530 889 28
450 119 281 303 534 888 25
445 94 295 317 542 899 26
447 161 285 222 526 886 32
448 91 292 345 531 902 32
450 119 281 303 534 888 27
453 54 293 312 547 900 28
447 161 285 222 526 886 30
457 132 298 368 541 900 30
447 161 285 222 526 886 27
457 132 298 368 541 900 29
462 160 287 200 530 886 30
464 157 279 400 530 886 30
474 179 282 200 529 884 26
457 132 298 368 541 900 28
473 170 301 400 543 901 28
470 88 291 383 539 887 29
473 170 301 400 543 901 26
477 142 297 340 543 900 27
482 200 297 400 535 901 27
483 200 298 400 533 887 27
487 200 299 200 529 887 26
490 18 303 400 537 901 27
477 142 297 340 543 900 28
484 200 311 400 541 901 29
499 200 309 349 541 899 25
484 200 311 400 541 901 27
494 200 292 237 541 902 29
497 200 293 345 535 903 34
500 200 295 400 542 898 28
484 200 311 400 541 901 30
499 200 309 349 541 899 31
497 200 293 345 535 903 32
509 200 303 400 539 899 25
484 200 311 400 541 901 26
497 200 293 345 535 903 28
513 184 274 400 538 901 30
484 200 311 400 541 901 31
517 193 318 396 542 897 33
509 200 303 400 539 899 35
513 184 274 400 538 901 36
517 193 318 396 542 897 30
484 200 311 400 541 901 31
529 200 310 400 541 898 31
509 200 303 400 539 899 32
537 200 313 300 542 902 25
532 200 324 400 543 895 27
484 200 311 400 541 901 28
529 200 310 400 541 898 28
529 200 310 400 541 898 25
547 130 307 400 540 895 28
532 200 324 400 543 895 29
545 200 319 400 542 897 34
548 200 320 400 539 898 27
532 200 324 400 543 895 28
545 200 319 400 542 897 29
547 130 307 400 540 895 34
547 130 307 400 540 895 27
556 200 317 400 538 895 29
561 200 335 400 542 893 29
563 198 308 400 539 893 31
561 200 335 400 542 893 28
565 200 303 400 538 896 31
569 200 304 339 539 894 34
563 198 308 400 539 893 35
577 200 315 397 538 896 27
578 200 291 315 539 899 27
565 200 303 400 538 896 28
579 200 293 400 539 888 28
583 164 287 400 539 890 24
579 200 293 400 539 888 25
565 200 303 400 538 896 28
587 158 299 400 540 888 30
591 173 316 400 540 890 26
594 92 311 400 537 896 26
593 200 306 400 537 890 27
565 200 303 400 538 896 31
603 200 293 400 537 897 25
591 173 316 400 540 890 28
565 200 303 400 538 896 29
593 200 306 400 537 890 32
609 77 320 396 540 888 24
611 200 304 400 537 891 24
593 200 306 400 537 890 26
607 200 313 400 537 888 29
615 200 313 400 537 886 25
613 172 299 400 536 890 26
609 77 320 396 540 888 27
619 200 312 400 537 892 27
609 77 320 396 540 888 27
619 200 312 400 537 892 27
624 200 313 341 537 882 27
627 199 312 364 536 888 28
628 69 319 396 539 888 28
630 200 313 272 536 874 29
624 200 313 341 537 882 33
629 200 310 341 537 887 35
624 200 313 341 537 882 28
639 200 311 345 538 879 28
638 200 312 336 536 868 29
643 200 307 287 536 891 30
646 200 310 310 535 875 26
647 200 305 220 535 896 26
624 200 313 341 537 882 27
651 200 307 372 535 885 28
651 200 307 372 535 885 25
652 185 310 241 534 872 25
658 200 313 400 536 878 25
655 135 306 400 535 888 28
658 200 313 400 536 878 26
651 200 307 372 535 885 27
661 200 309 292 533 872 27
667 200 305 200 534 891 27
661 200 309 292 533 872 26
673 25 305 400 533 886 27
669 200 306 400 534 883 34
658 200 313 400 536 878 36
658 200 313 400 536 878 26
677 162 304 400 533 881 26
679 200 312 400 535 882 26
683 199 312 282 536 873 28
679 200 312 400 535 882 30
686 200 311 400 533 882 30
691 200 311 400 537 872 31
658 200 313 400 536 878 32
658 200 313 400 536 878 24
679 200 312 400 535 882 26
686 200 311 400 533 882 26
699 150 312 400 536 879 30
706 148 312 400 532 881 26
679 200 312 400 535 882 29
700 151 313 400 537 877 31
701 145 313 400 536 881 32
701 145 313 400 536 881 26
700 151 313 400 537 877 28
712 140 309 400 532 880 28
708 137 314 400 531 880 34
700 151 313 400 537 877 29
701 145 313 400 536 881 30
723 84 313 400 529 879 30
708 137 314 400 531 880 32
724 116 312 400 536 877 27
727 111 313 400 528 879 32
701 145 313 400 536 881 34
729 156 313 400 537 882 34
735 184 313 400 541 881 26
729 156 313 400 537 882 28
738 118 313 400 539 881 30
724 116 312 400 536 877 33
743 79 309 200 543 875 26
724 116 312 400 536 877 27
738 118 313 400 539 881 28
742 122 313 400 540 879 28
750 104 314 400 548 882 27
751 127 312 400 543 878 27
742 122 313 400 540 879 29
753 98 311 400 538 878 31
751 127 312 400 543 878 26
753 98 311 400 538 878 26
760 63 313 200 555 877 26
742 122 313 400 540 879 33
753 98 311 400 538 878 25
742 122 313 400 540 879 25
769 154 311 400 549 877 25
771 164 312 400 548 878 25
775 182 312 400 546 880 26
772 132 310 400 541 873 30
774 158 311 223 549 877 30
771 164 312 400 548 878 31
784 200 311 400 547 877 24
787 193 312 400 549 875 24
775 182 312 400 546 880 26
783 200 311 400 549 879 26
783 200 311 400 549 879 26
788 112 312 400 550 876 26
784 200 311 400 547 877 28
775 182 312 400 546 880 30
798 200 310 400 543 879 25
784 200 311 400 547 877 26
802 200 311 400 551 875 26
788 112 312 400 550 876 27
811 200 312 400 557 875 26
788 112 312 400 550 876 27
809 125 309 400 552 877 27
784 200 311 400 547 877 28
813 111 312 400 550 876 28
811 200 312 400 557 875 29
788 112 312 400 550 876 29
784 200 311 400 547 877 29
827 200 310 400 546 877 26
811 200 312 400 557 875 28
821 200 311 400 554 874 30
825 200 311 400 555 874 30
835 200 312 400 553 873 26
811 200 312 400 557 875 27
821 200 311 400 554 874 28
825 200 311 400 555 874 28
843 200 310 400 554 874 22
836 159 312 200 552 874 23
838 10 311 200 554 872 23
840 170 311 400 554 874 23
836 159 312 200 552 874 23
838 10 311 200 554 872 24
849 200 311 200 548 873 24
840 170 311 400 554 874 33
856 200 310 400 559 875 26
853 99 311 289 558 870 28
852 187 313 327 546 872 29
858 147 310 400 546 874 33
858 147 310 400 546 874 25
862 200 312 400 551 872 26
853 99 311 289 558 870 27
860 200 310 400 570 875 28
860 200 310 400 570 875 26
875 200 310 400 564 874 26
858 147 310 400 546 874 28
862 200 312 400 551 872 28
882 182 310 400 549 873 23
883 200 312 327 549 873 23
879 200 312 400 549 872 24
877 200 310 400 560 875 26
886 198 310 400 549 870 24
887 199 310 400 558 875 24
877 200 310 400 560 875 26
883 200 312 327 549 873 29
886 198 310 400 549 870 24
887 199 310 400 558 875 28
892 200 309 400 546 868 29
896 200 310 400 550 870 30
906 200 308 400 548 867 23
901 200 309 400 556 875 24
905 110 309 400 557 875 29
887 199 310 400 558 875 30
915 184 309 400 557 874 24
911 144 310 400 557 875 25
914 154 308 400 555 875 25
887 199 310 400 558 875 26
915 184 309 400 557 874 26
922 138 308 400 554 875 26
887 199 310 400 558 875 28
919 200 309 400 558 875 28
924 200 309 400 557 872 24
926 200 309 400 557 873 24
928 200 309 400 556 874 24
925 124 308 400 553 876 25
928 200 309 400 556 874 26
932 193 309 400 557 871 26
938 200 309 400 555 873 26
936 197 309 400 557 871 28
945 200 309 200 556 871 23
944 196 308 400 556 873 24
946 182 309 200 556 873 26
947 200 308 200 558 870 26
955 187 307 400 560 869 22
954 186 309 200 557 873 23
952 188 309 400 557 870 24
944 196 308 400 556 873 26
960 197 307 400 559 869 24
961 200 309 400 555 873 24
944 196 308 400 556 873 26
958 200 309 400 558 870 26
964 200 306 200 560 868 24
961 200 309 400 555 873 26
958 200 309 400 558 870 28
967 200 309 400 556 867 30
967 200 309 400 556 867 26
974 200 308 400 558 869 26
975 200 308 400 555 868 26
979 200 309 400 557 867 26
975 200 308 400 555 868 24
979 200 309 400 557 867 24
983 200 309 400 556 867 24
986 150 307 400 552 867 24
994 200 308 200 554 867 23
995 159 307 400 548 867 23
975 200 308 400 555 868 24
993 200 308 200 559 868 24
1002 200 306 400 557 868 22
1000 200 308 400 555 866 26
975 200 308 400 555 868 30
1003 200 308 400 556 868 30
1010 149 311 400 555 867 26
975 200 308 400 555 868 28
1003 200 308 400 556 868 28
1000 200 308 400 555 866 30
1003 200 308 400 556 868 26
1012 66 310 400 554 866 26
1015 187 311 400 556 865 26
1010 149 311 400 555 867 30
1021 156 305 400 552 866 27
1015 187 311 400 556 865 28
1010 149 311 400 555 867 29
1026 137 309 400 557 866 29
1035 200 306 200 556 863 25
1010 149 311 400 555 867 26
1034 200 312 400 554 869 30
1026 137 309 400 557 866 31
1039 200 312 400 557 866 28
1034 200 312 400 554 869 29
1010 149 311 400 555 867 36
1026 137 309 400 557 866 38
1051 200 309 200 556 866 25
1045 200 311 400 553 869 26
1010 149 311 400 555 867 28
1026 137 309 400 557 866 38
1057 10 310 400 553 869 26
1045 200 311 400 553 869 30
1010 149 311 400 555 867 34
1026 137 309 400 557 866 38
1045 200 311 400 553 869 26
1010 149 311 400 555 867 26
1062 200 311 400 555 866 26
1026 137 309 400 557 866 34
1062 200 311 400 555 866 28
1045 200 311 400 553 869 30
1010 149 311 400 555 867 30
1026 137 309 400 557 866 32
1010 149 311 400 555 867 25
1045 200 311 400 553 869 26
1081 200 310 400 555 870 28
1026 137 309 400 557 866 30
1088 200 310 400 553 866 26
1081 200 310 400 555 870 28
1026 137 309 400 557 866 28
1010 149 311 400 555 867 29
1095 200 312 400 552 867 26
1081 200 310 400 555 870 28
1010 149 311 400 555 867 29
1026 137 309 400 557 866 34
1100 200 312 400 555 866 26
1081 200 310 400 555 870 28
1010 149 311 400 555 867 28
1026 137 309 400 557 866 30
1111 200 310 400 559 866 24
1108 173 312 200 554 865 25
1010 149 311 400 555 867 26
1026 137 309 400 557 866 30
1122 192 311 400 558 866 24
1108 173 312 200 554 865 25
1121 200 312 200 552 865 26
1026 137 309 400 557 866 32
1108 173 312 200 554 865 25
1121 200 312 200 552 865 26
1126 200 312 200 545 864 28
1026 137 309 400 557 866 32
1137 10 312 200 540 864 24
1138 200 311 200 553 863 24
1135 111 308 400 550 866 30
1026 137 309 400 557 866 32
1135 111 308 400 550 866 26
1026 137 309 400 557 866 28
1141 200 310 400 560 862 28
1145 200 310 400 553 862 28
1151 10 310 400 564 860 26
1026 137 309 400 557 866 27
1150 200 309 200 550 861 27
1135 111 308 400 550 866 29
1161 200 308 400 571 865 28
1026 137 309 400 557 866 29
1151 10 310 400 564 860 34
1135 111 308 400 550 866 35
1151 10 310 400 564 860 27
1135 111 308 400 550 866 27
1164 200 308 400 576 865 28
1168 147 308 400 562 865 28
1168 147 308 400 562 865 28
1135 111 308 400 550 866 34
1164 200 308 400 576 865 34
1176 200 309 400 577 860 36
1135 111 308 400 550 866 30
1164 200 308 400 576 865 32
1168 147 308 400 562 865 33
1176 200 309 400 577 860 34
1164 200 308 400 576 865 28
1176 200 309 400 577 860 28
1135 111 308 400 550 866 34
1168 147 308 400 562 865 34
1164 200 308 400 576 865 27
1168 147 308 400 562 865 27
1196 200 307 400 573 862 27
1200 144 307 400 585 864 30
1196 200 307 400 573 862 26
1209 200 308 400 563 860 28
1208 83 309 200 569 868 32
1200 144 307 400 585 864 34
1196 200 307 400 573 862 25
1214 10 306 200 580 866 26
1217 200 310 400 564 858 27
1216 200 309 400 579 859 30
1224 200 307 200 571 861 26
1226 200 305 400 578 858 26
1227 200 311 400 570 858 27
1217 200 310 400 564 858 28
1234 200 313 200 566 855 24
1230 200 308 400 568 857 26
1227 200 311 400 570 858 28
1217 200 310 400 564 858 28
1239 200 308 400 570 856 24
1240 200 312 400 566 856 24
1243 185 310 200 567 857 24
1241 200 307 400 565 855 26
1247 151 307 200 555 856 24
1248 190 307 400 569 854 25
1241 200 307 400 565 855 27
1250 130 309 400 565 855 30
1254 200 307 400 578 856 23
1250 130 309 400 565 855 25
1256 136 307 400 561 858 28
1255 111 308 400 551 850 32
1250 130 309 400 565 855 25
1260 200 307 200 600 858 26
1261 140 310 400 562 853 26
1255 111 308 400 551 850 28
1270 164 310 400 565 854 24
1271 139 309 400 538 850 24
1274 127 307 200 525 851 24
1255 111 308 400 551 850 30
1279 105 306 400 528 850 25
1270 164 310 400 565 854 26
1276 165 310 400 538 851 26
1277 143 307 400 538 848 32
1289 162 307 400 547 854 24
1279 105 306 400 528 850 28
1290 182 310 400 524 855 28
1277 143 307 400 538 848 32
1294 189 308 400 499 851 25
1295 150 306 400 560 853 25
1297 95 307 400 542 843 26
1298 177 311 400 531 849 26
1294 189 308 400 499 851 25
1307 178 310 400 547 854 26
1298 177 311 400 531 849 27
1297 95 307 400 542 843 31
1307 178 310 400 547 854 26
1308 192 307 200 437 848 26
1297 95 307 400 542 843 28
1311 93 307 400 515 837 28
1318 101 307 200 600 832 26
1321 175 308 400 471 846 28
1307 178 310 400 547 854 30
1316 180 311 400 600 843 31
1327 188 310 400 550 854 24
1331 170 307 400 541 832 24
1307 178 310 400 547 854 26
1326 167 308 400 556 868 26
1333 161 306 400 448 809 24
1335 157 311 400 543 858 24
1307 178 310 400 547 854 26
1334 194 316 400 517 846 26
1333 161 306 400 448 809 26
1341 154 306 400 600 860 27
1307 178 310 400 547 854 28
1345 152 309 400 600 858 28
1352 156 307 200 400 804 24
1341 154 306 400 600 860 25
1345 152 309 400 600 858 26
1355 145 311 400 600 814 26
1341 154 306 400 600 860 26
1355 145 311 400 600 814 26
1345 152 309 400 600 858 29
1363 140 317 400 600 797 34
1364 148 321 400 600 903 25
1365 139 306 400 400 774 28
1345 152 309 400 600 858 29
1363 140 317 400 600 797 34
1378 154 305 400 400 845 25
1365 139 306 400 400 774 27
1363 140 317 400 600 797 29
1375 140 309 400 600 785 31
1363 140 317 400 600 797 28
1375 140 309 400 600 785 28
1383 138 307 400 592 756 30
1387 137 303 400 600 830 33
1391 135 294 400 495 797 24
1387 137 303 400 600 830 27
1394 138 310 200 600 727 27
1383 138 307 400 592 756 28
1383 138 307 400 592 756 26
1387 137 303 400 600 830 27
1402 138 309 400 600 735 29
1399 140 304 400 600 780 32
1387 137 303 400 600 830 25
1399 140 304 400 600 780 25
1408 137 303 200 543 760 30
1411 140 302 200 550 756 31
1416 137 301 400 548 829 25
1418 136 303 200 574 796 25
1408 137 303 200 543 760 28
1387 137 303 400 600 830 29
1422 138 303 400 600 776 26
1420 135 301 400 600 789 28
1427 137 304 400 600 825 28
1387 137 303 400 600 830 30
1432 137 302 400 559 759 24
1435 136 302 200 527 785 24
1427 137 304 400 600 825 26
1387 137 303 400 600 830 26
1437 136 300 400 537 774 27
1427 137 304 400 600 825 28
1387 137 303 400 600 830 28
1432 137 302 400 559 759 30
1437 136 300 400 537 774 27
1387 137 303 400 600 830 27
1432 137 302 400 559 759 28
1427 137 304 400 600 825 32
1453 137 302 200 540 739 24
1457 138 303 400 584 738 25
1452 137 298 400 505 796 26
1456 134 300 200 507 818 41
1466 136 298 400 472 750 28
1460 136 302 400 600 796 30
1467 134 300 400 574 769 30
1452 137 298 400 505 796 31
1460 136 302 400 600 796 26
1474 133 299 400 600 787 26
1471 138 298 200 498 818 31
1472 134 298 200 489 808 31
1479 134 298 200 522 816 25
1483 134 298 400 497 915 26
1474 133 299 400 600 787 28
1481 133 298 400 600 908 32
1483 134 298 400 497 915 26
1481 133 298 400 600 908 27
1487 134 297 400 556 885 28
1485 135 298 200 451 768 31
1497 133 296 200 600 1009 26
1487 134 297 400 556 885 27
1481 133 298 400 600 908 30
1493 132 297 400 568 991 33
1481 133 298 400 600 908 29
1502 132 297 400 600 864 31
1505 133 298 400 600 758 34
1507 131 294 400 560 1096 35
1481 133 298 400 600 908 28
1507 131 294 400 560 1096 28
1515 130 295 400 513 991 28
1505 133 298 400 600 758 33
1523 134 295 200 600 700 27
1522 128 300 400 554 1100 29
1517 129 299 200 552 1100 30
1520 133 302 400 600 944 30
1528 133 299 400 600 700 26
1530 127 301 400 600 1100 28
1527 132 303 200 551 1073 29
1517 129 299 200 552 1100 30
1536 133 295 200 508 700 28
1530 127 301 400 600 1100 29
1533 125 307 200 450 972 31
1538 129 297 400 400 1100 34
1536 133 295 200 508 700 29
1538 129 297 400 400 1100 30
1530 127 301 400 600 1100 31
1540 132 299 200 526 700 35
1549 127 303 400 467 969 31
1540 132 299 200 526 700 34
1555 132 292 200 600 700 37
1553 127 308 400 400 1100 38
1555 132 292 200 600 700 28
1540 132 299 200 526 700 31
1562 132 276 400 600 833 33
1563 126 316 400 400 1069 34
1570 135 258 400 600 744 27
1562 132 276 400 600 833 28
1569 129 295 200 400 700 29
1563 126 316 400 400 1069 36
1570 135 258 400 600 744 27
1563 126 316 400 400 1069 27
1574 127 303 400 400 700 31
1562 132 276 400 600 833 32
1584 139 251 400 600 700 26
1563 126 316 400 400 1069 27
1585 122 311 400 400 1094 28
1587 127 279 400 400 797 31
1592 137 255 400 600 700 27
1585 122 311 400 400 1094 29
1563 126 316 400 400 1069 30
1590 124 315 400 400 1100 30
1563 126 316 400 400 1069 29
1590 124 315 400 400 1100 30
1603 128 316 400 400 1031 33
1602 121 312 400 456 1051 36
1607 121 310 200 535 937 28
1603 128 316 400 400 1031 29
1602 121 312 400 456 1051 30
1606 134 319 400 400 1100 34
1602 121 312 400 456 1051 26
1618 115 305 400 481 1100 28
1617 123 316 400 408 700 29
1606 134 319 400 400 1100 33
1622 123 306 400 400 700 26
1621 111 298 200 495 811 27
1626 115 313 400 439 925 31
1617 123 316 400 408 700 38
1626 115 313 400 439 925 26
1634 118 318 400 444 708 28
1617 123 316 400 408 700 30
1629 116 302 400 471 700 30
1634 118 318 400 444 708 28
1629 116 302 400 471 700 28
1626 115 313 400 439 925 30
1641 110 315 400 442 700 31
1629 116 302 400 471 700 25
1651 112 312 400 454 988 26
1641 110 315 400 442 700 30
1646 110 310 400 461 700 30
1629 116 302 400 471 700 26
1641 110 315 400 442 700 28
1646 110 310 400 461 700 29
1653 109 312 400 443 700 30
1663 110 309 400 443 700 24
1665 110 313 200 437 700 24
1641 110 315 400 442 700 28
1661 109 317 400 447 1100 28
1671 108 316 200 444 700 23
1641 110 315 400 442 700 24
1661 109 317 400 447 1100 24
1670 112 313 400 447 881 24
1679 111 311 200 435 700 23
1661 109 317 400 447 1100 24
1683 112 312 400 457 700 24
1641 110 315 400 442 700 26
1690 113 310 200 474 700 22
1661 109 317 400 447 1100 24
1687 108 313 400 434 906 24
1683 112 312 400 457 700 26
1694 107 311 400 439 1100 25
1661 109 317 400 447 1100 26
1693 107 318 400 453 924 26
1687 108 313 400 434 906 28
1705 109 315 400 452 700 24
1693 107 318 400 453 924 26
1702 106 319 200 449 700 26
1703 108 313 400 437 1100 26
1705 109 315 400 452 700 26
1708 109 315 200 453 700 26
1712 109 314 400 451 1100 26
1713 106 317 400 451 700 28
1713 106 317 400 451 700 23
1712 109 314 400 451 1100 30
1718 109 313 400 452 1100 30
1719 106 317 400 452 1100 32
1718 109 313 400 452 1100 26
1713 106 317 400 451 700 27
1719 106 317 400 452 1100 27
1731 106 317 400 452 700 27
1733 105 315 400 446 1100 28
1734 103 316 400 455 1100 28
1719 106 317 400 452 1100 30
1737 103 317 200 456 700 30
1742 107 316 400 451 1100 27
1744 106 315 200 445 1100 27
1743 101 317 200 466 1100 30
1741 102 316 200 445 1100 31
1752 106 316 400 451 1100 25
1742 107 316 400 451 1100 26
1750 100 317 400 474 1100 26
1755 101 316 400 457 700 29
1742 107 316 400 451 1100 25
1759 100 315 400 445 1100 28
1750 100 317 400 474 1100 30
1752 106 316 400 451 1100 32
1768 105 316 200 444 1100 25
1759 100 315 400 445 1100 26
1764 105 315 400 442 1100 27
1770 98 317 400 465 1100 28
1770 98 317 400 465 1100 26
1775 97 316 400 447 1100 26
1779 94 315 200 447 1100 29
1759 100 315 400 445 1100 30
1759 100 315 400 445 1100 26
1779 94 315 200 447 1100 27
1784 95 317 200 478 1100 27
1782 92 314 400 453 700 28
1759 100 315 400 445 1100 25
1790 95 315 400 493 700 27
1795 90 315 400 475 700 28
1782 92 314 400 453 700 30
1759 100 315 400 445 1100 26
1802 89 314 400 479 700 26
1803 91 313 400 433 1100 26
1782 92 314 400 453 700 28
1782 92 314 400 453 700 26
1806 94 313 200 451 1100 27
1803 91 313 400 433 1100 28
1810 87 314 400 443 1100 28
1819 89 314 200 437 1100 24
1817 91 312 200 435 1100 25
1813 96 312 400 453 700 26
1816 93 314 200 437 700 26
1813 96 312 400 453 700 26
1822 96 311 400 474 1100 28
1823 91 314 200 455 700 30
1816 93 314 200 437 700 31
1822 96 311 400 474 1100 25
1833 96 311 200 490 700 25
1835 91 314 200 445 700 26
1829 97 311 400 463 1100 27
1833 96 311 200 490 700 26
1840 98 311 400 460 1100 27
1842 91 313 400 421 1100 27
1843 98 310 400 443 1100 27
1851 98 307 400 420 1100 26
1850 93 313 400 410 700 27
1833 96 311 200 490 700 28
1843 98 310 400 443 1100 29
1859 99 310 400 489 1100 25
1858 96 311 400 453 1100 26
1855 97 311 200 466 1100 27
1833 96 311 200 490 700 33
1861 95 309 200 482 700 26
1862 99 310 400 505 700 26
1859 99 310 400 489 1100 28
1863 95 310 200 459 700 28
1871 96 308 400 518 1100 26
1873 97 309 200 525 700 26
1859 99 310 400 489 1100 27
1875 96 310 200 407 700 27
1875 96 310 200 407 700 25
1882 100 306 400 552 1100 26
1880 98 304 400 467 1100 27
1878 97 303 400 436 1100 28
1890 97 294 400 503 700 25
1891 98 298 200 499 700 25
1884 95 304 400 517 1100 26
1887 97 304 200 454 700 26
1894 94 311 400 477 1100 28
1899 96 304 200 443 700 29
1887 97 304 200 454 700 30
1892 97 288 400 400 1100 34
1902 98 298 400 400 1100 27
1892 97 288 400 400 1100 28
1904 92 312 400 449 1100 29
1905 97 301 400 454 700 29
1902 98 298 400 400 1100 29
1909 97 301 400 459 1100 31
1913 96 304 400 431 1100 31
1904 92 312 400 449 1100 34
1902 98 298 400 400 1100 27
1909 97 301 400 459 1100 28
1916 98 273 200 400 1100 33
1904 92 312 400 449 1100 36
1928 99 316 200 556 700 27
1925 95 278 200 400 700 28
1924 99 281 400 579 1100 31
1929 97 327 400 400 700 31
1928 99 316 200 556 700 28
1924 99 281 400 579 1100 30
1938 99 271 400 597 700 30
1925 95 278 200 400 700 31
1940 94 345 400 600 931 27
1942 97 272 200 600 1100 27
1938 99 271 400 597 700 28
1946 98 273 400 507 700 28
1948 89 341 400 505 700 28
1942 97 272 200 600 1100 30
1950 96 233 400 600 700 32
1953 95 219 200 540 700 33
1960 83 295 200 438 1100 29
1956 81 264 400 449 700 30
1962 90 227 400 568 700 30
1963 94 200 400 549 700 34
1968 78 355 400 483 1100 26
1962 90 227 400 568 700 27
1965 82 260 400 412 700 29
1956 81 264 400 449 700 30
1979 84 337 200 400 1100 25
1956 81 264 400 449 700 26
1977 90 218 400 400 1100 29
1974 85 200 400 441 700 33
1974 85 200 400 441 700 28
1985 74 223 200 600 700 29
1983 86 200 200 600 1100 33
1982 83 241 200 600 1100 34
1992 81 354 200 400 1100 25
1990 90 208 400 489 700 27
1985 74 223 200 600 700 28
1982 83 241 200 600 1100 28
2002 81 307 200 600 700 27
1990 90 208 400 489 700 28
1998 69 298 200 578 1100 28
1982 83 241 200 600 1100 31
1998 69 298 200 578 1100 26
2004 85 287 400 600 1100 29
1982 83 241 200 600 1100 30
2005 78 200 400 537 700 31
2015 70 253 400 600 1100 28
2005 78 200 400 537 700 29
2012 53 222 400 400 700 29
2017 67 277 400 600 1100 30
2012 53 222 400 400 700 27
2024 47 231 200 452 700 28
2027 70 200 200 577 1100 29
2005 78 200 400 537 700 30
2005 78 200 400 537 700 26
2034 53 201 400 600 700 26
2030 74 327 400 600 700 28
2033 32 267 400 600 1100 28
2036 77 200 400 400 1100 28
2040 98 200 200 496 1100 29
2038 90 400 400 453 1100 30
2030 74 327 400 600 700 31
2048 91 200 400 400 1100 25
2050 79 400 400 600 1100 28
2046 83 371 200 600 700 29
2038 90 400 400 453 1100 33
2054 36 400 400 600 700 26
2056 46 200 400 400 700 26
2058 54 345 200 600 700 26
2050 79 400 400 600 1100 29
2054 36 400 400 600 700 27
2061 40 200 200 597 1100 27
2062 28 400 400 400 1100 32
2058 54 345 200 600 700 33
2054 36 400 400 600 700 28
2074 41 400 200 600 700 28
2075 63 278 200 400 1100 28
2068 47 275 400 423 700 30
2068 47 275 400 423 700 26
2082 10 379 200 400 700 26
2054 36 400 400 600 700 27
2074 41 400 200 600 700 37
2084 10 237 400 600 700 27
2091 11 372 200 400 1100 27
2074 41 400 200 600 700 28
2054 36 400 400 600 700 29
2074 41 400 200 600 700 29
2095 111 400 200 600 1100 29
2099 96 400 200 400 1100 31
2097 10 387 400 478 700 32
2074 41 400 200 600 700 29
2106 66 399 200 600 1100 29
2107 90 400 400 600 1100 29
2101 147 331 200 400 1100 30
2107 90 400 400 600 1100 26
2109 190 363 400 400 700 26
2074 41 400 200 600 700 29
2110 200 369 400 600 700 31
2107 90 400 400 600 1100 27
2122 10 363 200 600 700 27
2074 41 400 200 600 700 28
2110 200 369 400 600 700 33
2127 200 327 400 600 700 26
2125 24 376 200 600 1100 28
2074 41 400 200 600 700 29
2110 200 369 400 600 700 31
2139 200 400 200 600 700 26
2137 58 372 400 600 1100 29
2132 126 290 400 600 1100 31
2134 10 387 400 600 1100 32
2139 200 400 200 600 700 26
2140 199 400 200 400 700 26
2137 58 372 400 600 1100 28
2144 200 387 400 600 700 33
2150 115 400 400 600 1100 25
2152 200 400 200 411 1100 25
2153 200 400 400 400 1100 25
2148 147 389 400 585 787 32
2150 115 400 400 600 1100 25
2163 133 380 400 594 1098 27
2156 135 376 200 600 1100 28
2157 172 400 200 530 1100 30
2171 188 393 400 425 1100 25
2150 115 400 400 600 1100 26
2156 135 376 200 600 1100 26
2157 172 400 200 530 1100 26
2174 115 379 400 600 700 25
2157 172 400 200 530 1100 26
2175 197 400 200 600 700 26
2150 115 400 400 600 1100 28
2186 194 396 400 566 700 24
2157 172 400 200 530 1100 26
2175 197 400 200 600 700 26
2187 111 395 400 400 1100 27
2192 188 400 400 530 1100 25
2187 111 395 400 400 1100 28
2190 200 400 400 400 700 28
2188 195 393 400 600 1100 30
2198 188 394 200 400 700 25
2200 198 398 400 400 700 27
2188 195 393 400 600 1100 28
2196 191 398 400 600 1100 32
2208 195 395 400 600 1100 26
2209 199 395 200 544 700 26
2211 193 398 400 600 1100 26
2196 191 398 400 600 1100 28
2209 199 395 200 544 700 26
2213 200 392 200 600 1100 27
2218 199 392 200 600 1100 28
2212 186 400 400 600 1100 32
2221 200 380 200 600 1100 26
2226 200 397 200 600 700 29
2209 199 395 200 544 700 32
2222 197 400 400 600 700 32
2235 196 383 400 600 1100 28
2229 200 400 400 400 1100 30
2232 198 388 400 400 700 31
2231 194 400 400 535 700 34
2240 196 380 200 400 700 28
2229 200 400 400 400 1100 29
2241 197 400 400 400 1100 29
2231 194 400 400 535 700 31
2251 194 397 200 600 700 27
2231 194 400 400 535 700 28
2244 193 376 400 600 1100 30
2245 200 393 200 600 1100 33
2255 200 396 400 400 1100 27
2245 200 393 200 600 1100 29
2231 194 400 400 535 700 30
2259 197 390 400 400 700 30
2261 200 390 400 400 700 28
2265 195 394 400 600 700 31
2255 200 396 400 400 1100 32
2231 194 400 400 535 700 32
2255 200 396 400 400 1100 28
2275 193 400 400 400 1100 29
2268 194 390 400 600 1100 31
2273 200 395 400 600 1100 31
2273 200 395 400 600 1100 27
2255 200 396 400 400 1100 32
2268 194 390 400 600 1100 34
2281 200 400 400 600 940 36
2289 200 394 400 400 1100 28
2290 200 392 400 600 1100 28
2255 200 396 400 400 1100 30
2281 200 400 400 600 940 30
2289 200 394 400 400 1100 30
2255 200 396 400 400 1100 30
2295 190 400 400 600 1100 30
2296 200 396 400 400 1100 30
2255 200 396 400 400 1100 29
2296 200 396 400 400 1100 29
2295 190 400 400 600 1100 32
2302 188 400 400 600 1100 32
2255 200 396 400 400 1100 28
2296 200 396 400 400 1100 28
2302 188 400 400 600 1100 31
2295 190 400 400 600 1100 33
2296 200 396 400 400 1100 26
2295 190 400 400 600 1100 26
2319 179 400 400 600 700 26
2322 194 399 400 400 1100 31
2329 200 400 400 400 971 24
2295 190 400 400 600 1100 25
2319 179 400 400 600 700 25
2327 137 396 400 600 1100 36
2329 200 400 400 400 971 26
2339 124 396 400 600 1100 27
2332 200 398 400 600 700 29
2327 137 396 400 600 1100 32
2346 200 395 400 600 1100 24
2341 78 393 400 400 700 26
2339 124 396 400 600 1100 29
2327 137 396 400 600 1100 32
2353 200 394 200 600 1100 25
2355 187 395 200 400 768 26
2339 124 396 400 600 1100 27
2327 137 396 400 600 1100 32
2360 90 394 200 400 1100 25
2362 65 398 400 400 700 25
2327 137 396 400 600 1100 28
2358 138 396 200 600 714 29
2360 90 394 200 400 1100 26
2367 200 400 200 600 700 27
2371 110 394 400 600 757 28
2366 182 398 400 456 1100 30
2366 182 398 400 456 1100 27
2379 136 391 400 600 700 27
2377 200 400 200 600 815 28
2367 200 400 200 600 700 30
2380 200 395 400 600 1100 27
2385 143 390 400 600 700 29
2382 200 400 400 513 700 30
2379 136 391 400 600 700 32
2380 200 395 400 600 1100 29
2391 195 388 200 461 1100 29
2382 200 400 400 513 700 30
2395 107 393 400 474 700 34
2395 107 393 400 474 700 28
2399 144 394 400 600 839 28
2401 200 389 400 400 700 31
2382 200 400 400 513 700 32
2382 200 400 400 513 700 26
2399 144 394 400 600 839 27
2409 127 394 400 600 1100 29
2401 200 389 400 400 700 31
2419 200 379 400 600 700 25
2382 200 400 400 513 700 26
2416 120 399 400 600 756 26
2414 74 400 200 400 883 28
2422 122 383 200 467 700 23
2427 126 400 400 600 1100 26
2426 140 388 400 400 711 28
2382 200 400 400 513 700 32
2429 146 400 400 600 1100 28
2432 51 358 200 600 700 29
2426 140 388 400 400 711 30
2433 144 394 400 508 1100 30
2433 144 394 400 508 1100 26
2437 89 344 400 600 800 27
2438 125 400 400 600 700 28
2442 200 379 200 431 700 28
2447 178 377 400 400 1100 25
2450 64 379 200 600 700 25
2442 200 379 200 431 700 26
2445 144 322 400 537 1100 26
2459 138 322 400 600 1100 26
2454 193 360 200 425 700 27
2445 144 322 400 537 1100 29
2458 200 400 400 568 1100 32
2463 122 394 400 600 1100 26
2465 200 381 400 400 1069 26
2467 165 345 400 600 734 27
2461 200 328 400 432 700 30
2467 165 345 400 600 734 26
2468 144 349 400 600 938 28
2463 122 394 400 600 1100 30
2465 200 381 400 400 1069 33
2465 200 381 400 400 1069 25
2468 144 349 400 600 938 27
2481 171 387 400 523 1100 27
2467 165 345 400 600 734 29
2481 171 387 400 523 1100 24
2485 177 285 400 580 1100 24
2488 163 400 400 400 700 24
2465 200 381 400 400 1069 26
2497 167 262 400 600 1100 26
2499 168 329 400 489 700 26
2481 171 387 400 523 1100 27
2465 200 381 400 400 1069 28
2465 200 381 400 400 1069 26
2503 193 350 400 555 700 26
2499 168 329 400 489 700 30
2481 171 387 400 523 1100 32
2481 171 387 400 523 1100 27
2514 200 306 400 400 700 28
2512 124 391 400 508 1100 32
2509 136 355 400 600 1100 34
2518 96 397 400 600 700 25
2523 132 357 400 600 1100 26
2512 124 391 400 508 1100 29
2481 171 387 400 523 1100 30
2523 132 357 400 600 1100 26
2531 200 400 200 564 700 26
2530 131 366 400 474 1100 28
2524 185 352 400 571 1100 29
2537 147 335 400 600 1100 24
2534 88 400 400 422 1100 25
2524 185 352 400 571 1100 26
2539 200 400 400 600 1100 26
2545 125 353 400 436 700 24
2547 200 400 400 575 700 24
2543 68 323 400 582 700 26
2539 200 400 400 600 1100 29
2543 68 323 400 582 700 26
2539 200 400 400 600 1100 26
2555 99 342 200 574 1100 28
2551 200 309 400 600 1100 32
2551 200 309 400 600 1100 28
2560 10 332 400 600 700 28
2557 184 398 200 600 700 29
2563 200 400 400 556 1100 30
2569 10 400 400 600 1100 25
2567 75 400 400 554 701 26
2551 200 309 400 600 1100 29
2570 200 234 400 600 1100 33
2574 200 400 400 542 1100 27
2575 200 200 200 578 1100 27
2573 200 400 200 531 1100 31
2567 75 400 400 554 701 32
2567 75 400 400 554 701 26
2573 200 400 200 531 1100 27
2583 200 400 200 562 700 29
2581 200 227 200 572 700 30
2590 178 363 200 470 700 26
2567 75 400 400 554 701 27
2589 129 283 400 574 1100 27
2591 145 343 400 600 1100 28
2603 10 359 400 544 1100 26
2567 75 400 400 554 701 28
2591 145 343 400 600 1100 29
2601 200 344 200 600 1100 31
2604 10 400 400 400 1100 26
2607 178 362 400 572 720 26
2606 200 400 200 525 1100 30
2611 200 400 200 600 1100 31
2617 200 395 200 600 1100 26
2613 119 265 400 593 1100 27
2618 200 400 400 526 700 34
2619 200 374 200 512 700 36
2619 200 374 200 512 700 28
2626 200 325 200 400 1100 28
2627 10 383 200 400 1100 28
2618 200 400 400 526 700 34
2634 170 313 400 420 700 26
2632 50 400 400 406 700 28
2628 200 400 200 458 1100 30
2618 200 400 400 526 700 31
2632 50 400 400 406 700 27
2639 200 400 400 583 700 28
2618 200 400 400 526 700 30
2641 177 400 400 400 700 30
2639 200 400 400 583 700 26
2641 177 400 400 400 700 26
2651 200 400 400 400 805 26
2650 200 400 200 456 1100 27
2639 200 400 400 583 700 29
2655 200 215 400 400 1100 29
2651 200 400 400 400 805 30
2656 200 227 200 600 700 30
2660 182 400 400 462 700 27
2661 200 200 400 468 700 27
2651 200 400 400 400 805 30
2655 200 215 400 400 1100 31
2651 200 400 400 400 805 28
2671 200 200 400 453 1100 28
2673 200 400 200 493 1100 28
2655 200 215 400 400 1100 34
2651 200 400 400 400 805 29
2655 200 215 400 400 1100 31
2679 200 200 400 423 1100 33
2671 200 200 400 453 1100 34
2686 200 308 200 404 700 26
2655 200 215 400 400 1100 30
2691 10 263 400 561 700 31
2671 200 200 400 453 1100 38
2655 200 215 400 400 1100 29
2693 200 200 400 400 1100 29
2695 200 396 200 400 1100 31
2671 200 200 400 453 1100 32
2671 200 200 400 453 1100 29
2695 200 396 200 400 1100 30
2702 10 325 200 600 1100 30
2655 200 215 400 400 1100 35
2711 10 390 200 413 1100 29
2714 10 400 400 600 700 29
2695 200 396 200 400 1100 33
2655 200 215 400 400 1100 33
2716 200 400 200 400 1100 28
2719 200 400 200 400 1100 28
2723 10 200 400 528 1100 28
2695 200 396 200 400 1100 29
2724 126 315 400 600 700 27
2726 200 200 400 400 1100 31
2725 200 400 400 400 1100 34
2728 200 400 400 600 700 35
2724 126 315 400 600 700 26
2733 200 200 400 600 700 28
2735 142 400 200 600 700 28
2725 200 400 400 400 1100 34
2745 200 200 400 600 700 24
2746 10 400 400 400 1100 25
2747 110 200 200 400 1100 28
2725 200 400 400 400 1100 33
2753 10 400 200 600 1100 27
2754 10 317 200 600 700 27
2747 110 200 200 400 1100 28
2751 10 400 400 600 1100 34
2758 10 389 200 400 700 29
2760 200 400 400 600 700 30
2756 64 244 200 600 1100 32
2762 200 200 400 600 700 33
2756 64 244 200 600 1100 28
2762 200 200 400 600 700 28
2769 200 200 400 400 1100 30
2770 200 400 400 400 1100 34
2774 200 200 200 600 700 32
2775 200 200 200 600 700 32
2778 200 400 400 600 1100 34
2770 200 400 400 400 1100 42
2774 200 200 200 600 700 27
2775 200 200 200 600 700 27
2784 200 200 400 600 1100 34
2770 200 400 400 400 1100 35
2791 200 400 200 600 700 25
2770 200 400 400 400 1100 28
2789 200 244 400 600 700 28
2784 200 200 400 600 1100 30
2791 200 400 200 600 700 29
2799 200 400 200 600 700 29
2789 200 244 400 600 700 30
2770 200 400 400 400 1100 36
2770 200 400 400 400 1100 25
2807 200 200 400 400 700 26
2804 200 400 200 400 700 28
2809 117 400 400 600 700 28
2815 200 269 200 600 1100 26
2770 200 400 400 400 1100 27
2809 117 400 400 600 700 28
2813 198 200 200 400 700 28
2821 200 400 400 527 700 25
2824 90 400 200 400 1100 25
2825 200 298 400 400 1100 26
2809 117 400 400 600 700 28
2821 200 400 400 527 700 25
2828 145 200 400 600 1100 27
2831 53 400 400 600 700 27
2809 117 400 400 600 700 31
2809 117 400 400 600 700 27
2828 145 200 400 600 1100 28
2821 200 400 400 527 700 30
2839 200 200 400 600 1100 34
2845 200 200 400 434 1100 26
2828 145 200 400 600 1100 28
2809 117 400 400 600 700 29
2839 200 200 400 600 1100 34
2852 200 400 400 400 1100 29
2809 117 400 400 600 700 31
2839 200 200 400 600 1100 31
2857 200 200 400 600 1100 31
2809 117 400 400 600 700 27
2862 29 200 400 600 700 28
2839 200 200 400 600 1100 31
2857 200 200 400 600 1100 31
2870 200 200 400 400 1100 26
2873 10 400 200 600 700 26
2874 200 400 200 600 1100 26
2809 117 400 400 600 700 28
2870 200 200 400 400 1100 31
2874 200 400 200 600 1100 31
2809 117 400 400 600 700 32
2883 74 400 400 600 700 32
2890 58 373 400 600 700 26
2870 200 200 400 400 1100 27
2874 200 400 200 600 1100 29
2884 80 400 400 600 1100 31
2874 200 400 200 600 1100 27
2895 79 400 400 600 700 28
2898 200 400 200 600 700 28
2884 80 400 400 600 1100 30
2902 200 400 200 600 700 25
2901 18 400 400 556 700 26
2904 200 200 200 598 1100 27
2900 162 200 400 600 1100 31
2901 18 400 400 556 700 26
2911 125 200 400 525 700 27
2912 200 400 400 600 1100 27
2908 188 200 400 501 950 29
2923 155 400 200 600 1100 25
2918 200 400 400 455 1100 26
2919 200 400 400 434 700 26
2912 200 400 400 600 1100 28
2928 178 400 200 600 700 25
2929 200 200 200 600 1100 26
2930 197 200 200 472 700 26
2926 200 400 200 535 700 28
2926 200 400 200 535 700 26
2938 172 400 400 400 1100 27
2930 197 200 200 472 700 28
2935 178 400 400 400 700 32
2947 171 200 400 502 700 25
2944 200 200 400 600 1100 26
2945 151 400 400 400 1100 26
2935 178 400 400 400 700 32
2953 200 200 400 502 700 27
2935 178 400 400 400 700 28
2955 200 369 400 584 700 29
2945 151 400 400 400 1100 31
2953 200 200 400 502 700 25
2960 200 200 400 600 1100 26
2935 178 400 400 400 700 27
2945 151 400 400 400 1100 31
2969 176 400 200 600 1100 26
2953 200 200 400 502 700 28
2971 128 400 400 460 1100 29
2968 200 400 200 581 1100 31
2979 193 400 200 442 1100 26
2972 197 200 400 585 700 27
2973 195 400 400 575 1100 27
2978 120 400 200 400 700 27
2980 137 400 400 600 1100 27
2981 200 395 200 600 1100 27
2983 136 200 400 576 1100 30
2972 197 200 400 585 700 31
2995 177 400 400 600 1100 25
2988 108 400 400 600 1100 26
2983 136 200 400 576 1100 27
2980 137 400 400 600 1100 29
2999 183 200 200 600 1100 25
2983 136 200 400 576 1100 27
2998 151 238 200 496 700 27
2980 137 400 400 600 1100 28
3006 122 368 400 600 700 26
3007 113 400 400 400 1100 26
2983 136 200 400 576 1100 27
3004 194 400 400 600 700 27
3016 164 400 400 486 700 26
2983 136 200 400 576 1100 27
3013 145 400 400 600 1100 28
3014 125 200 400 400 700 30
3024 127 400 400 600 700 29
3027 127 200 400 600 700 29
3013 145 400 400 600 1100 30
3016 164 400 400 486 700 32
3028 96 400 400 600 1100 27
3033 186 200 400 600 700 27
3016 164 400 400 486 700 29
3031 145 400 400 400 1100 31
3040 75 400 200 400 1100 26
3043 175 200 200 600 1100 26
3037 200 400 400 600 700 29
3028 96 400 400 600 1100 33
3048 66 400 400 491 700 26
3037 200 400 400 600 700 27
3028 96 400 400 600 1100 27
3049 118 400 400 600 700 27
3054 118 400 400 400 1100 26
3056 89 400 400 600 1100 27
3057 170 400 400 538 700 27
3037 200 400 400 600 700 29
3063 178 200 200 400 1100 28
3064 126 400 400 600 700 30
3065 94 200 400 600 1100 31
3062 171 400 400 472 1100 35
3070 155 400 400 588 700 27
3073 89 400 400 400 1100 27
3065 94 200 400 600 1100 28
3064 126 400 400 600 700 34
3080 102 400 200 400 700 25
3076 190 400 400 400 1100 26
3064 126 400 400 600 700 27
3082 200 200 200 438 1100 30
3090 147 400 400 400 1100 25
3091 153 400 200 400 700 25
3086 74 400 400 600 1100 29
3082 200 200 200 438 1100 30
3098 180 400 400 400 1100 26
3099 200 200 400 600 978 26
3095 200 400 400 600 700 28
3097 147 400 200 600 700 28
3099 200 200 400 600 978 26
3095 200 400 400 600 700 26
3106 200 200 400 600 1100 28
3101 200 301 400 600 700 29
3112 84 400 200 600 1100 24
3109 200 400 200 458 1100 25
3111 200 400 200 600 700 27
3113 200 400 400 600 1100 33
3122 200 200 200 594 1100 27
3111 200 400 200 600 700 28
3112 84 400 200 600 1100 30
3113 200 400 400 600 1100 30
3111 200 400 200 600 700 26
3125 200 400 200 534 742 26
3124 81 400 200 600 700 28
3113 200 400 400 600 1100 30
3137 200 200 200 600 1100 27
3125 200 400 200 534 742 28
3113 200 400 400 600 1100 28
3132 200 400 400 600 700 29
3125 200 400 200 534 742 31
3145 10 400 400 400 1100 31
3132 200 400 400 600 700 32
3142 200 200 400 400 700 35
3145 10 400 400 400 1100 29
3142 200 200 400 400 700 29
3148 200 400 200 400 700 30
3132 200 400 400 600 700 38
3162 135 200 400 600 1100 29
3163 200 200 200 600 700 29
3160 10 200 400 400 700 30
3142 200 200 400 400 700 33
3142 200 200 400 400 700 29
3167 200 200 400 600 700 32
3165 200 400 400 400 1100 37
3169 200 400 400 400 1100 37
3169 200 400 400 400 1100 28
3178 200 200 200 510 803 29
3142 200 200 400 400 700 31
3167 200 200 400 600 700 38
3181 200 200 400 600 700 30
3142 200 200 400 400 700 31
3169 200 400 400 400 1100 34
3184 200 400 400 400 1100 34
3195 200 400 400 600 700 29
3142 200 200 400 400 700 32
3188 10 400 400 400 1100 32
3194 196 200 400 496 700 35
3195 200 400 400 600 700 29
3188 10 400 400 400 1100 30
3197 185 200 400 400 700 30
3194 196 200 400 496 700 34
3188 10 400 400 400 1100 26
3194 196 200 400 496 700 26
3197 185 200 400 400 700 28
3195 200 400 400 600 700 34
3195 200 400 400 600 700 27
3213 152 400 400 600 700 27
3194 196 200 400 496 700 28
3216 10 400 200 600 1100 38
3223 140 200 400 600 700 26
3216 10 400 200 600 1100 27
3220 200 400 400 600 1100 27
3213 152 400 400 600 700 29
3234 93 200 200 600 700 27
3230 58 200 400 600 700 28
3213 152 400 400 600 700 30
3228 200 200 200 600 1100 31
3213 152 400 400 600 700 26
3243 10 200 400 600 1100 26
3240 68 400 400 600 700 28
3239 200 200 400 600 1100 30
3249 10 200 400 600 1100 25
3240 68 400 400 600 700 29
3244 144 200 400 600 1100 32
3239 200 200 400 600 1100 34
3253 200 200 400 400 700 28
3252 10 400 400 600 700 29
3239 200 200 400 600 1100 31
3259 200 400 400 400 700 31
3260 10 200 400 600 1100 26
3266 200 200 400 400 700 26
3239 200 200 400 600 1100 34
3262 200 200 400 600 1100 34
3262 200 200 400 600 1100 30
3275 200 200 400 600 1100 30
3266 200 200 400 400 700 32
3268 200 200 400 400 700 32
3268 200 200 400 400 700 29
3277 10 400 400 600 700 29
3262 200 200 400 600 1100 30
3275 200 200 400 600 1100 30
3262 200 200 400 600 1100 31
3275 200 200 400 600 1100 31
3291 200 200 400 600 1100 31
3284 200 200 200 400 700 32
3284 200 200 200 400 700 29
3294 200 400 200 600 700 30
3298 200 200 400 400 700 32
3299 200 400 400 400 1100 32
3298 200 200 400 400 700 29
3300 136 200 400 543 700 29
3305 200 200 400 400 700 29
3302 200 400 400 600 700 30
3305 200 200 400 400 700 27
3309 10 400 200 600 1100 29
3315 200 400 200 400 700 29
3302 200 400 400 600 700 36
3317 200 400 400 400 700 30
3319 200 400 400 600 1100 30
3320 200 400 200 600 1100 30
3309 10 400 200 600 1100 33
3326 10 400 400 400 1100 27
3319 200 400 400 600 1100 29
3325 10 400 400 600 700 31
3309 10 400 200 600 1100 41
3333 200 400 200 600 1100 27
3325 10 400 400 600 700 34
3338 10 400 400 600 700 34
3337 200 400 200 537 1100 39
3340 200 200 200 400 700 28
3343 200 200 200 400 700 28
3341 200 200 400 600 1100 29
3342 133 200 400 600 700 31
3355 135 200 400 600 700 30
3354 188 200 400 400 700 31
3352 200 400 400 400 1100 32
3342 133 200 400 600 700 33
3363 10 352 400 600 700 25
3362 200 200 400 400 700 28
3360 10 200 200 400 700 30
3358 10 400 200 600 1100 31
3358 10 400 200 600 1100 29
3363 10 352 400 600 700 30
3369 200 400 200 400 1100 31
3370 10 400 400 600 700 34
3373 10 200 400 400 700 27
3374 13 400 400 400 700 27
3358 10 400 200 600 1100 28
3379 10 200 200 600 700 29
3383 114 200 400 600 1100 27
3385 131 400 200 400 1100 27
3386 115 200 400 600 1100 27
3382 100 400 400 600 700 33
3383 114 200 400 600 1100 26
3386 115 200 400 600 1100 26
3394 179 400 400 581 1100 27
3382 100 400 400 600 700 36
3403 64 400 400 400 1100 26
3394 179 400 400 581 1100 30
3382 100 400 400 600 700 30
3401 130 400 400 400 1100 30
3403 64 400 400 400 1100 27
3408 80 400 400 400 700 27
3401 130 400 400 400 1100 28
3382 100 400 400 600 700 31
3408 80 400 400 400 700 27
3415 122 200 400 600 1100 27
3417 70 200 400 400 700 27
3401 130 400 400 400 1100 32
3425 109 400 200 600 700 25
3401 130 400 400 400 1100 27
3420 78 400 400 400 1100 29
3423 126 200 400 600 700 31
3425 109 400 200 600 700 27
3428 106 400 400 600 700 28
3429 137 200 400 566 700 29
3423 126 200 400 600 700 32
3442 172 200 400 400 700 26
3423 126 200 400 600 700 27
3437 108 400 200 400 700 27
3443 87 400 200 600 1100 30
3447 106 200 400 600 1100 26
3442 172 200 400 400 700 27
3445 119 400 400 400 1100 27
3446 96 400 400 600 1100 32
3445 119 400 400 400 1100 28
3453 200 200 400 600 700 28
3458 124 400 400 400 700 30
3455 135 400 400 400 1100 34
3466 113 200 400 600 700 25
3455 135 400 400 400 1100 29
3462 88 400 400 400 700 29
3453 200 200 400 600 700 30
3475 196 200 200 400 700 26
3470 125 400 200 600 1100 27
3455 135 400 400 400 1100 30
3453 200 200 400 600 700 30
3479 200 200 200 600 1100 25
3453 200 200 400 600 700 26
3483 200 200 400 400 1100 28
3482 147 400 400 600 1100 30
3488 200 200 200 600 1100 26
3482 147 400 400 600 1100 27
3489 200 400 400 600 1100 27
3453 200 200 400 600 700 28
3482 147 400 400 600 1100 27
3489 200 400 400 600 1100 28
3496 191 400 400 600 1100 28
3499 197 200 400 600 1100 34
3507 200 200 200 600 1100 26
3501 198 400 200 400 1100 31
3482 147 400 400 600 1100 32
3499 197 200 400 600 1100 35
3512 200 400 200 400 700 27
3513 179 400 400 600 700 27
3515 200 200 400 400 700 27
3499 197 200 400 600 1100 28
3522 200 400 200 400 700 25
3499 197 200 400 600 1100 27
3515 200 200 400 400 700 30
3521 163 400 200 400 700 30
3530 200 200 400 600 1100 27
3499 197 200 400 600 1100 28
3525 200 200 400 400 1100 28
3515 200 200 400 400 700 29
3537 189 200 200 600 700 26
3499 197 200 400 600 1100 28
3538 199 200 400 600 1100 29
3530 200 200 400 600 1100 30
3499 197 200 400 600 1100 29
3542 199 200 400 600 700 29
3543 200 200 400 600 700 29
3546 200 400 400 400 700 34
3543 200 200 400 600 700 30
3542 199 200 400 600 700 32
3546 200 400 400 400 700 34
3499 197 200 400 600 1100 35
3499 197 200 400 600 1100 29
3556 196 400 400 600 1100 29
3558 198 200 400 600 700 30
3546 200 400 400 400 700 32
3571 200 400 200 600 700 27
3499 197 200 400 600 1100 33
3558 198 200 400 600 700 33
3567 200 200 400 400 1100 36
3579 196 400 400 400 1100 27
3576 200 400 400 400 700 28
3499 197 200 400 600 1100 31
3558 198 200 400 600 700 37
3581 200 400 400 600 700 30
3558 198 200 400 600 700 31
3499 197 200 400 600 1100 33
3576 200 400 400 400 700 34
3558 198 200 400 600 700 30
3593 200 400 200 446 700 30
3590 199 400 400 553 1100 32
3499 197 200 400 600 1100 33
3597 192 400 400 400 700 28
3499 197 200 400 600 1100 30
3590 199 400 400 553 1100 33
3602 200 400 400 400 700 33
3590 199 400 400 553 1100 30
3602 200 400 400 400 700 30
3499 197 200 400 600 1100 32
3606 200 200 400 563 1100 34
3614 198 200 400 400 700 28
3602 200 400 400 400 700 31
3617 200 200 400 400 1100 31
3590 199 400 400 553 1100 34
3623 200 200 400 400 700 28
3602 200 400 400 400 700 29
3617 200 200 400 400 1100 30
3590 199 400 400 553 1100 34
3602 200 400 400 400 700 30
3631 195 400 200 600 1100 31
3633 195 400 200 600 1100 31
3632 194 400 400 600 1100 32
3640 200 400 200 600 1100 28
3632 194 400 400 600 1100 31
3637 199 400 400 600 700 34
3602 200 400 400 400 700 35
3650 200 200 400 400 700 29
3602 200 400 400 400 700 31
3647 200 400 400 400 700 31
3644 182 200 400 400 700 32
3658 200 200 400 400 1100 26
3644 182 200 400 400 700 27
3656 200 400 400 400 1100 34
3659 200 400 400 400 1100 34
3667 198 400 200 400 700 27
3660 185 400 400 400 700 28
3658 200 200 400 400 1100 29
3644 182 200 400 400 700 34
3658 200 200 400 400 1100 29
3670 200 200 400 400 1100 29
3667 198 400 200 400 700 33
3673 200 400 400 600 700 34
3678 200 400 400 400 1100 25
3681 193 400 400 400 700 26
3682 200 200 400 600 700 29
3679 191 200 400 400 1100 33
3691 190 400 400 400 1100 26
3678 200 400 400 400 1100 31
3684 200 200 400 600 1100 31
3682 200 200 400 600 700 33
3678 200 400 400 400 1100 28
3682 200 200 400 600 700 28
3697 200 200 400 600 700 28
3698 200 200 400 600 700 28
3701 200 400 400 400 700 29
3682 200 200 400 600 700 30
3697 200 200 400 600 700 30
3698 200 200 400 600 700 30
3708 195 200 400 600 1100 28
3710 200 200 400 400 1100 31
3711 192 400 200 400 1100 31
3701 200 400 400 400 700 32
3716 185 400 400 600 1100 28
3723 200 400 400 600 1100 29
3701 200 400 400 400 700 32
3722 181 200 400 400 1100 34
3727 186 400 200 400 1100 30
3729 200 400 200 400 1100 30
3723 200 400 400 600 1100 32
3722 181 200 400 400 1100 32
3738 188 200 400 400 1100 27
3736 183 400 400 400 1100 28
3727 186 400 200 400 1100 31
3722 181 200 400 400 1100 33
3727 186 400 200 400 1100 29
3738 188 200 400 400 1100 33
3741 165 200 400 600 1100 34
3722 181 200 400 400 1100 35
3748 200 400 200 600 700 28
3755 199 400 400 600 700 28
3722 181 200 400 400 1100 29
3751 177 400 400 600 1100 31
3755 199 400 400 600 700 29
3722 181 200 400 400 1100 30
3756 200 200 400 600 1100 32
3760 200 200 400 600 700 34
3756 200 200 400 600 1100 26
3767 200 400 400 600 1100 28
3760 200 200 400 600 700 32
3722 181 200 400 400 1100 33
3778 166 400 400 400 1100 24
3760 200 200 400 600 700 26
3776 170 400 400 600 1100 31
3767 200 400 400 600 1100 38
3776 170 400 400 600 1100 26
3767 200 400 400 600 1100 30
3780 123 400 400 600 1100 32
3787 159 400 400 400 1100 32
3790 109 400 400 600 1100 25
3793 200 200 400 600 1100 28
3787 159 400 400 400 1100 32
3780 123 400 400 600 1100 36
3803 145 200 400 400 1100 27
3790 109 400 400 600 1100 28
3793 200 200 400 600 1100 28
3780 123 400 400 600 1100 28
3811 200 200 400 400 700 28
3780 123 400 400 600 1100 29
3790 109 400 400 600 1100 30
3808 198 200 400 400 700 30
3815 95 400 400 600 1100 28
3790 109 400 400 600 1100 29
3780 123 400 400 600 1100 30
3812 200 400 200 400 700 31
3823 200 200 400 600 700 25
3780 123 400 400 600 1100 27
3826 49 200 400 600 700 29
3790 109 400 400 600 1100 32
3835 157 400 400 600 700 27
3780 123 400 400 600 1100 29
3790 109 400 400 600 1100 29
3832 153 400 400 600 700 31
3841 119 200 200 400 700 27
3780 123 400 400 600 1100 28
3790 109 400 400 600 1100 28
3832 153 400 400 600 700 33
3832 153 400 400 600 700 27
3847 200 400 200 600 700 27
3841 119 200 200 400 700 28
3849 82 400 400 400 700 28
3832 153 400 400 600 700 27
3854 75 400 200 600 1100 27
3852 200 400 400 600 700 31
3853 200 400 400 600 700 31
3832 153 400 400 600 700 29
3852 200 400 400 600 700 29
3853 200 400 400 600 700 29
3854 75 400 200 600 1100 34
3852 200 400 400 600 700 29
3853 200 400 400 600 700 29
3871 200 200 400 600 700 29
3875 41 400 200 600 1100 34
3882 200 400 200 600 1100 27
3881 200 400 400 600 1100 28
3875 41 400 200 600 1100 31
3877 200 400 400 400 1100 34
3886 100 400 400 400 700 27
3887 200 400 400 400 1100 27
3891 180 400 400 600 1100 28
3885 60 400 400 600 700 32
3885 60 400 400 600 700 27
3899 105 400 400 600 700 27
3887 200 400 400 400 1100 29
3892 200 400 400 600 1100 32
3902 200 200 400 600 1100 28
3903 200 400 400 600 1100 28
3907 200 400 400 600 1100 28
3887 200 400 400 400 1100 36
3908 25 200 400 400 1100 24
3914 200 200 400 400 700 27
3912 200 400 400 600 700 31
3887 200 400 400 400 1100 38
3917 200 400 400 600 700 25
3914 200 200 400 400 700 29
3887 200 400 400 400 1100 34
3918 200 400 400 400 1100 34
3930 10 281 200 400 1100 28
3917 200 400 400 600 700 32
3887 200 400 400 400 1100 35
3918 200 400 400 400 1100 35
3935 49 400 200 600 1100 28
3936 200 400 200 400 700 28
3887 200 400 400 400 1100 29
3918 200 400 400 400 1100 29
3943 10 400 400 600 1100 27
3935 49 400 200 600 1100 30
3887 200 400 400 400 1100 34
3918 200 400 400 400 1100 34
3953 200 200 200 600 700 26
3943 10 400 400 600 1100 33
3951 10 400 400 600 1100 33
3948 10 400 400 600 700 34
3953 200 200 200 600 700 28
3957 47 200 200 600 1100 28
3956 200 200 400 400 1100 32
3948 10 400 400 600 700 35
3968 200 400 200 600 700 25
3953 200 200 200 600 700 26
3948 10 400 400 600 700 26
3965 200 400 400 400 700 27
3948 10 400 400 600 700 26
3973 200 200 400 600 700 26
3976 200 400 400 600 1100 26
3953 200 200 200 600 700 27
3987 200 400 200 400 700 24
3948 10 400 400 600 700 27
3980 10 400 400 600 700 27
3983 200 400 400 400 1100 36
3993 10 400 400 600 700 29
3992 200 200 200 400 700 30
3987 200 400 200 400 700 32
3988 200 200 400 600 1100 34
3997 72 200 200 600 1100 28
3992 200 200 200 400 700 29
4001 200 400 200 600 1100 29
4002 10 400 200 400 1100 29
4010 200 400 200 400 700 27
4002 10 400 200 400 1100 28
3992 200 200 200 400 700 30
4007 200 400 400 400 700 32
4014 200 200 400 600 1100 25
4002 10 400 200 400 1100 29
3992 200 200 200 400 700 30
4007 200 400 400 400 700 32
4024 200 400 200 600 1100 26
4020 10 400 200 600 1100 28
4025 10 400 400 400 1100 28
4021 200 200 200 600 1100 29
4029 200 200 400 600 700 28
4033 10 200 400 400 700 30
4024 200 400 200 600 1100 31
4030 200 200 400 600 1100 36
4030 200 200 400 600 1100 26
4039 200 400 400 400 700 32
4042 200 400 400 400 700 32
4024 200 400 200 600 1100 34
4042 200 400 400 400 700 31
4047 10 400 200 600 1100 31
4051 200 200 400 400 700 31
4030 200 200 400 600 1100 34
4053 200 400 400 400 700 28
4056 200 400 400 400 700 28
4052 175 400 200 400 700 29
4047 10 400 200 600 1100 40
4056 200 400 400 400 700 26
4060 10 200 400 400 700 26
4062 200 200 400 600 700 32
4047 10 400 200 600 1100 36
4047 10 400 200 600 1100 28
4068 10 400 400 600 700 29
4069 10 400 400 600 700 29
4060 10 200 400 400 700 30
4060 10 200 400 400 700 33
4082 200 200 200 400 700 33
4068 10 400 400 600 700 34
4069 10 400 400 600 700 34
4060 10 200 400 400 700 28
4082 200 200 200 400 700 28
4089 200 200 200 400 700 28
4086 200 200 400 400 700 29
4086 200 200 400 400 700 29
4096 200 200 400 400 700 29
4098 200 200 400 400 700 29
4093 200 200 200 600 700 34
4093 200 200 200 600 700 26
4106 200 200 400 400 700 26
4104 200 200 400 400 1100 29
4103 200 400 200 400 700 32
4103 200 400 200 400 700 26
4109 200 400 200 600 700 26
4111 200 200 400 400 700 26
4110 200 400 400 400 1100 33
4121 85 200 200 400 1100 24
4110 200 400 400 400 1100 27
4120 200 400 400 400 1100 27
4123 200 385 400 600 1100 31
4125 10 400 200 600 1100 30
4126 10 400 200 600 1100 30
4110 200 400 400 400 1100 31
4120 200 400 400 400 1100 31
4138 10 400 400 600 700 32
4133 200 400 247 600 700 34
4125 10 400 200 600 1100 35
4126 10 400 200 600 1100 35
4141 10 400 400 600 1100 28
4125 10 400 200 600 1100 31
4126 10 400 200 600 1100 31
4140 200 200 200 600 1100 31
4150 10 400 400 400 1100 30
4140 200 200 200 600 1100 31
4155 200 200 400 400 700 33
4141 10 400 400 600 1100 36
4140 200 200 200 600 1100 27
4159 200 353 400 400 1100 29
4150 10 400 400 400 1100 33
4158 10 400 400 400 1100 33
4165 137 400 400 600 700 26
4169 200 400 400 400 700 26
4150 10 400 400 400 1100 28
4158 10 400 400 400 1100 28
4172 200 400 200 400 1100 28
4176 200 400 400 600 700 30
4165 137 400 400 600 700 31
4169 200 400 400 400 700 32
4187 200 200 400 400 700 28
4176 200 400 400 600 700 29
4185 200 400 400 600 700 29
4169 200 400 400 400 700 31
4189 200 400 200 600 1100 31
4176 200 400 400 600 700 32
4185 200 400 400 600 700 32
4169 200 400 400 400 700 33
4185 200 400 400 600 700 30
4197 200 200 400 400 1100 30
4198 10 400 400 400 1100 30
4169 200 400 400 400 700 34
4185 200 400 400 600 700 28
4198 10 400 400 400 1100 29
4208 200 200 400 600 1100 29
4169 200 400 400 400 700 32
4169 200 400 400 400 700 28
4185 200 400 400 600 700 29
4214 200 200 400 600 700 30
4208 200 200 400 600 1100 36
4226 121 355 400 600 700 26
4225 100 341 400 600 1100 27
4220 200 347 200 400 700 29
4221 200 400 400 600 1100 30
4231 10 400 200 600 1100 25
4221 200 400 400 600 1100 26
4230 91 350 400 400 700 26
4220 200 347 200 400 700 29
4239 101 268 200 400 700 28
4240 10 400 331 600 700 28
4230 91 350 400 400 700 31
4238 124 400 400 600 700 31
4230 91 350 400 400 700 26
4250 39 349 400 600 700 27
4249 10 400 400 600 700 28
4251 59 400 400 400 1100 32
4253 49 261 400 600 700 26
4256 124 400 271 600 700 31
4258 95 400 200 600 700 31
4251 59 400 400 400 1100 34
4267 10 278 400 400 1100 27
4256 124 400 271 600 700 29
4261 43 400 400 600 700 30
4262 179 400 400 600 700 31
4262 179 400 400 600 700 26
4275 169 384 200 600 1100 26
4272 24 200 400 600 700 27
4261 43 400 400 600 700 30
4281 159 400 200 600 1100 25
4275 169 384 200 600 1100 27
4262 179 400 400 600 700 28
4280 200 400 200 400 700 32
4284 198 400 200 600 700 24
4289 129 287 400 600 1100 25
4288 150 400 400 600 700 26
4287 200 312 400 600 700 27
4292 177 400 200 400 700 25
4284 198 400 200 600 700 26
4288 150 400 400 600 700 26
4297 149 220 400 400 700 28
4306 139 200 200 400 1100 23
4303 136 400 400 400 700 24
4307 140 400 400 600 700 25
4302 138 200 400 600 1100 34
4310 144 400 200 600 1100 24
4307 140 400 400 600 700 30
4303 136 400 400 400 700 31
4302 138 200 400 600 1100 34
4322 159 309 400 600 700 26
4317 159 400 400 600 700 27
4320 134 340 400 600 700 31
4323 162 264 400 600 1100 34
4323 162 264 400 600 1100 26
4320 134 340 400 600 700 27
4317 159 400 400 600 700 28
4325 177 400 400 600 700 30
4332 200 400 400 400 700 28
4333 167 200 400 600 1100 28
4334 128 400 200 400 1100 28
4338 128 400 200 600 1100 28
4332 200 400 400 400 700 26
4338 128 400 200 600 1100 26
4343 122 240 400 600 1100 26
4342 102 400 400 600 1100 27
4352 186 270 200 600 700 24
4348 200 200 400 400 700 26
4350 148 400 400 400 700 27
4338 128 400 200 600 1100 28
4362 94 400 200 600 700 23
4357 200 200 200 600 1100 24
4350 148 400 400 400 700 27
4363 153 308 200 600 1100 31
4366 74 273 400 600 700 26
4367 87 200 400 400 1100 26
4350 148 400 400 400 700 27
4365 138 400 400 600 700 27
4376 10 400 400 600 700 26
4350 148 400 400 400 700 27
4375 200 400 400 600 700 27
4373 200 200 400 400 700 31
4385 71 400 200 400 1100 26
4373 200 200 400 400 700 27
4380 10 400 400 400 1100 28
4386 192 200 200 600 1100 33
4380 10 400 400 400 1100 27
4386 192 200 200 600 1100 28
4389 200 361 200 600 700 28
4395 97 225 400 600 700 31
4395 97 225 400 600 700 28
4389 200 361 200 600 700 29
4397 200 200 400 600 700 33
4398 200 200 400 600 700 33
4411 165 400 400 600 700 26
4405 200 400 400 400 1100 29
4389 200 361 200 600 700 35
4408 200 400 400 600 1100 36
4405 200 400 400 400 1100 27
4412 200 400 400 400 1100 27
4416 200 400 400 400 1100 27
4411 165 400 400 600 700 28
4412 200 400 400 400 1100 30
4416 200 400 400 400 1100 30
4411 165 400 400 600 700 32
4421 200 302 400 400 700 32
4435 200 200 400 600 700 29
4430 10 400 400 600 700 30
4421 200 302 400 400 700 31
4411 165 400 400 600 700 34
4436 200 275 400 400 1100 27
4438 200 317 200 400 700 27
4411 165 400 400 600 700 28
4441 10 337 400 400 1100 31
4450 200 376 200 600 700 26
4451 10 364 400 600 1100 26
4438 200 317 200 400 700 29
4446 200 400 200 400 1100 29
4455 103 400 200 600 700 28
4457 10 391 200 600 1100 28
4452 200 400 400 400 1100 29
4453 200 318 400 400 1100 29
4455 103 400 200 600 700 30
4453 200 318 400 400 1100 32
4452 200 400 400 400 1100 35
4463 10 400 400 600 700 35
4475 200 348 400 400 1100 29
4472 200 335 200 600 1100 30
4452 200 400 400 400 1100 31
4463 10 400 400 600 700 33
4463 10 400 400 600 700 28
4482 200 329 200 600 1100 30
4475 200 348 400 400 1100 32
4481 200 205 200 600 1100 32
4487 10 270 200 400 1100 28
4475 200 348 400 400 1100 29
4482 200 329 200 600 1100 31
4485 200 400 200 600 700 35
4493 200 400 200 600 700 25
4495 200 400 200 600 700 25
4494 200 400 400 400 700 32
4496 200 400 313 600 1100 32
4500 200 248 400 400 700 30
4503 200 400 400 600 700 30
4504 200 346 400 600 1100 30
4501 200 344 400 400 1100 32
4515 200 358 200 600 1100 28
4503 200 400 400 600 700 29
4513 10 278 200 600 700 29
4504 200 346 400 600 1100 33
4517 200 353 400 600 700 28
4503 200 400 400 600 700 29
4504 200 346 400 600 1100 29
4520 10 393 200 600 700 30
4504 200 346 400 600 1100 29
4527 10 400 400 600 700 29
4503 200 400 400 600 700 30
4517 200 353 400 600 700 31
4537 200 266 200 400 1100 28
4534 200 400 200 600 1100 29
4527 10 400 400 600 700 31
4503 200 400 400 600 700 33
4534 200 400 200 600 1100 28
4540 10 261 200 600 1100 28
4537 200 266 200 400 1100 29
4547 200 213 200 400 1100 29
4551 200 400 200 600 700 30
4553 200 400 200 600 700 30
4534 200 400 200 600 1100 32
4552 200 400 200 600 1100 32
4559 200 200 400 600 1100 27
4561 200 400 400 400 700 32
4557 200 200 400 400 700 35
4558 200 400 400 400 1100 36
4561 200 400 400 400 700 32
4557 200 200 400 400 700 32
4558 200 400 400 400 1100 32
4566 200 364 200 400 700 34
4577 200 388 200 600 1100 28
4576 200 400 206 600 1100 29
4557 200 200 400 400 700 32
4558 200 400 400 400 1100 36
4557 200 200 400 400 700 29
4583 200 400 200 600 700 30
4577 200 388 200 600 1100 31
4558 200 400 400 400 1100 36
