0 100 300 300 500 900 31
1 100 300 300 500 900 31
2 100 300 300 500 900 31
3 100 300 300 500 900 31
3 100 300 300 500 900 25
19 109 300 285 486 910 25
14 95 301 286 493 896 26
18 88 301 298 513 885 30
14 95 301 286 493 896 28
18 88 301 298 513 885 28
26 97 309 299 491 906 28
24 95 298 304 510 885 29
29 100 286 285 517 897 25
24 95 298 304 510 885 29
34 101 321 308 482 901 29
35 102 286 291 519 885 30
40 92 285 273 531 905 25
43 110 293 296 525 874 26
36 92 273 282 523 885 28
42 96 319 321 489 913 30
46 95 284 280 529 896 30
48 95 272 277 519 908 30
50 97 264 282 520 883 31
36 92 273 282 523 885 35
36 92 273 282 523 885 29
56 104 297 266 514 903 29
53 86 285 282 518 899 31
59 88 276 280 531 872 32
64 81 269 286 530 882 27
62 88 283 293 531 889 28
36 92 273 282 523 885 29
66 85 272 278 521 893 29
74 84 277 270 509 884 28
75 92 266 273 513 902 28
68 92 271 272 518 894 29
72 74 283 275 526 875 30
72 74 283 275 526 875 28
78 98 282 275 519 897 28
77 81 276 281 502 891 30
76 81 277 267 514 895 32
90 84 261 279 500 898 26
84 59 290 285 540 879 28
78 98 282 275 519 897 31
72 74 283 275 526 875 32
78 98 282 275 519 897 26
99 64 290 270 514 875 26
90 84 261 279 500 898 27
84 59 290 285 540 879 30
100 96 282 265 519 899 27
102 72 251 291 504 888 28
107 59 288 283 536 889 28
103 51 301 289 551 885 34
103 51 301 289 551 885 27
108 107 283 263 526 896 28
114 69 274 297 521 897 29
112 92 271 271 531 885 31
121 108 271 274 516 889 27
103 51 301 289 551 885 28
116 45 307 287 549 888 28
108 107 283 263 526 896 30
130 47 308 272 554 886 26
124 106 274 269 528 880 27
129 61 303 298 546 890 28
126 58 314 291 548 886 33
124 106 274 269 528 880 27
130 47 308 272 554 886 29
137 118 262 257 525 875 35
133 119 261 276 522 884 36
133 119 261 276 522 884 25
142 113 248 258 521 865 32
146 104 260 248 512 861 32
144 98 274 257 520 875 33
142 113 248 258 521 865 28
149 101 260 259 523 850 28
150 98 267 243 521 860 28
152 105 265 283 528 871 33
157 113 261 251 513 836 26
149 101 260 259 523 850 27
159 101 260 291 539 881 30
152 105 265 283 528 871 32
152 105 265 283 528 871 25
171 109 264 287 522 877 26
165 106 273 263 523 836 27
167 94 279 283 540 870 38
174 95 258 251 508 842 26
165 106 273 263 523 836 27
172 113 257 297 528 874 27
152 105 265 283 528 871 29
183 119 264 289 532 884 25
185 119 266 272 532 832 25
181 111 259 271 531 849 26
184 100 269 242 507 837 31
191 114 277 256 519 833 27
195 92 274 252 502 836 29
184 100 269 242 507 837 30
190 96 256 275 533 848 36
198 93 265 253 503 831 26
200 112 281 249 524 826 26
203 87 267 260 542 839 26
191 114 277 256 519 833 27
209 102 280 246 532 825 27
200 112 281 249 524 826 28
204 83 251 239 509 820 31
208 99 262 247 497 831 31
212 106 276 233 519 810 26
217 102 268 250 528 815 28
218 90 245 231 510 808 29
216 102 289 231 534 838 30
217 102 268 250 528 815 26
216 102 289 231 534 838 26
220 116 287 242 507 815 34
224 109 287 240 513 805 35
228 113 263 254 530 824 27
230 110 273 249 499 817 28
229 115 281 240 528 851 30
220 116 287 242 507 815 35
238 106 292 249 526 845 27
228 113 263 254 530 824 30
240 111 265 246 520 827 30
229 115 281 240 528 851 37
238 106 292 249 526 845 29
244 112 304 237 514 846 29
229 115 281 240 528 851 30
228 113 263 254 530 824 34
238 106 292 249 526 845 27
254 107 275 227 530 863 28
229 115 281 240 528 851 29
256 120 305 261 539 840 29
266 114 271 245 522 850 26
262 101 288 240 520 848 27
265 98 273 236 521 864 27
263 114 290 263 527 832 34
262 101 288 240 520 848 27
275 99 281 264 522 822 28
263 114 290 263 527 832 29
269 104 281 234 534 858 30
263 114 290 263 527 832 26
276 113 298 254 528 840 26
282 117 288 254 521 824 28
278 116 303 265 532 821 32
289 112 309 250 528 849 28
278 116 303 265 532 821 29
286 124 276 242 526 832 29
288 122 296 253 527 845 31
289 112 309 250 528 849 26
299 134 288 253 534 857 26
278 116 303 265 532 821 31
288 122 296 253 527 845 33
304 107 301 259 516 854 27
289 112 309 250 528 849 28
299 134 288 253 534 857 29
305 135 293 251 520 866 29
304 107 301 259 516 854 27
305 135 293 251 520 866 27
311 135 295 264 527 866 27
313 121 294 260 518 838 28
319 127 285 249 515 835 26
323 125 282 269 519 831 26
317 138 299 263 510 870 29
322 129 308 268 534 861 35
317 138 299 263 510 870 28
322 129 308 268 534 861 30
327 133 296 275 527 855 32
331 128 322 270 532 855 32
334 131 290 276 524 843 27
327 133 296 275 527 855 28
339 129 331 277 525 840 32
335 135 331 258 521 850 37
341 138 301 265 512 861 26
339 129 331 277 525 840 28
345 137 307 281 529 850 33
335 135 331 258 521 850 36
355 148 327 243 518 848 28
348 147 289 250 499 847 29
335 135 331 258 521 850 31
345 137 307 281 529 850 32
358 122 345 243 515 855 26
362 144 339 263 519 844 27
335 135 331 258 521 850 30
360 150 312 242 528 858 31
370 125 338 253 511 860 24
371 137 318 233 541 857 25
335 135 331 258 521 850 26
358 122 345 243 515 855 27
374 129 321 250 535 843 25
377 149 313 239 551 846 25
375 118 358 248 501 851 27
376 139 349 253 508 851 27
377 149 313 239 551 846 26
383 131 355 247 507 845 28
385 142 309 240 551 853 28
375 118 358 248 501 851 32
394 150 321 244 562 845 25
383 131 355 247 507 845 27
393 121 360 261 497 837 29
375 118 358 248 501 851 31
402 128 367 275 503 826 25
397 141 366 258 520 834 26
383 131 355 247 507 845 27
401 131 366 244 497 847 33
401 131 366 244 497 847 26
405 144 378 271 510 826 27
404 118 369 273 506 839 28
409 147 364 251 533 841 34
413 129 369 265 514 825 25
405 144 378 271 510 826 26
419 141 363 257 536 851 28
415 144 374 256 522 847 30
427 145 368 246 525 855 25
413 129 369 265 514 825 27
426 136 370 248 545 857 30
415 144 374 256 522 847 31
434 136 361 234 532 858 27
433 129 359 254 528 812 28
428 145 360 256 520 853 29
432 159 354 233 536 853 32
